VehicleName	TimeStamp	POS_X	POS_Y	POS_Z	Q_W	Q_X	Q_Y	Q_Z	ImageFile
Drone1	1750873756500	29.5953	-19.907	-1.92403	0.999989	0	0	-0.00460923	img_Drone1__0_1750873917928806800.png
Drone1	1750873756758	29.5975	-19.9049	-1.94041	0.997321	0.0490237	-0.0541128	-0.0044213	img_Drone1__0_1750873918280820600.png
Drone1	1750873757049	29.7049	-19.8092	-2.19651	0.99252	0.0806497	-0.0915796	-0.00345142	img_Drone1__0_1750873918685739300.png
Drone1	1750873757352	29.975	-19.5707	-2.46907	0.995438	0.063152	-0.0714523	-0.00304971	img_Drone1__0_1750873919060859500.png
Drone1	1750873757622	30.3193	-19.2673	-2.65954	0.997673	0.0453925	-0.0507992	-0.00286479	img_Drone1__0_1750873919425533600.png
Drone1	1750873757922	30.7695	-18.8701	-2.77188	0.99669	-0.0535959	0.0611015	-0.00185989	img_Drone1__0_1750873919805108800.png
Drone1	1750873758246	31.1503	-18.5334	-2.8119	0.990389	-0.0908255	0.104307	-0.000406179	img_Drone1__0_1750873920203555800.png
Drone1	1750873758513	31.3105	-18.3809	-2.82421	0.995083	0.058162	0.0791062	-0.0130059	img_Drone1__0_1750873920548672700.png
Drone1	1750873758804	31.3252	-18.1096	-3.05442	0.988236	0.14423	0.0461222	-0.021468	img_Drone1__0_1750873920910977400.png
Drone1	1750873759101	31.2581	-17.5915	-3.29583	0.992299	0.118459	0.0281762	-0.0227088	img_Drone1__0_1750873921282857300.png
Drone1	1750873759392	31.152	-16.9028	-3.44542	0.996065	0.083715	0.0178142	-0.0229987	img_Drone1__0_1750873921657020600.png
Drone1	1750873759698	31.0216	-16.0905	-3.50917	0.990907	-0.130428	-0.0229749	-0.0237334	img_Drone1__0_1750873922022514200.png
Drone1	1750873759968	30.9346	-15.5644	-3.6234	0.983119	-0.178585	-0.0314694	-0.0243637	img_Drone1__0_1750873922391049300.png
Drone1	1750873760235	30.8783	-15.3236	-3.74167	0.976605	-0.212703	-0.00035034	-0.0316301	img_Drone1__0_1750873922769282900.png
Drone1	1750873760514	30.8156	-15.3648	-3.78039	0.985017	-0.168985	0.00714295	-0.0336946	img_Drone1__0_1750873923140435400.png
Drone1	1750873760820	30.7291	-15.6538	-3.6445	0.992669	-0.115705	0.00656621	-0.0343083	img_Drone1__0_1750873923531963700.png
Drone1	1750873761093	30.6372	-16.0752	-3.43148	0.998262	-0.0478379	0.00118613	-0.0344049	img_Drone1__0_1750873923895776200.png
Drone1	1750873761426	30.5329	-16.6244	-3.43576	0.993177	0.109972	-0.0202113	-0.0331228	img_Drone1__0_1750873924310387400.png
Drone1	1750873761684	30.4846	-16.8913	-3.54977	0.993575	0.107603	0.0213937	-0.0277858	img_Drone1__0_1750873924645376800.png
Drone1	1750873761978	30.4088	-17.011	-3.73005	0.996002	0.075087	0.0418255	-0.024362	img_Drone1__0_1750873925014558800.png
Drone1	1750873762269	30.2729	-17.0051	-3.87115	0.997882	0.050397	0.033495	-0.0238763	img_Drone1__0_1750873925382928600.png
Drone1	1750873762554	30.0892	-16.9173	-3.98571	0.998873	0.0336656	0.0234849	-0.0238378	img_Drone1__0_1750873925746408400.png
Drone1	1750873762860	29.8659	-16.7764	-4.01239	0.99882	-0.0193698	-0.0369562	-0.0248631	img_Drone1__0_1750873926111734200.png
Drone1	1750873763139	29.7119	-16.6734	-4.00392	0.99782	-0.0328455	-0.0513203	-0.0253413	img_Drone1__0_1750873926478270600.png
Drone1	1750873763415	29.5972	-16.6384	-4.10994	0.994784	-0.05754	0.0783319	-0.0309533	img_Drone1__0_1750873926843493800.png
Drone1	1750873763697	29.364	-16.6976	-4.34603	0.994676	-0.047783	0.0855328	-0.0319527	img_Drone1__0_1750873927207824600.png
Drone1	1750873763982	28.9976	-16.8268	-4.55139	0.996824	-0.0340772	0.064432	-0.0320844	img_Drone1__0_1750873927573696600.png
Drone1	1750873764270	28.5256	-17.0076	-4.72339	0.999209	-0.0110452	0.0207235	-0.0320884	img_Drone1__0_1750873927950217100.png
Drone1	1750873764594	27.9955	-17.2168	-4.75942	0.992757	0.0434805	-0.107836	-0.0302499	img_Drone1__0_1750873928392045400.png
Drone1	1750873764843	27.7371	-17.3211	-4.81564	0.9892	0.0784969	-0.121008	-0.0260404	img_Drone1__0_1750873928731139300.png
Drone1	1750873765104	27.646	-17.3275	-4.94894	0.991246	0.0835686	-0.0995047	-0.0233786	img_Drone1__0_1750873929093174700.png
Drone1	1750873765392	27.6912	-17.2201	-5.02589	0.995247	0.0639325	-0.0698308	-0.0227774	img_Drone1__0_1750873929458018600.png
Drone1	1750873765659	27.8321	-17.0348	-5.04301	0.997525	0.0458389	-0.0482792	-0.0226138	img_Drone1__0_1750873929820895000.png
Drone1	1750873766076	28.1517	-16.6602	-5.02697	0.997595	-0.0506582	0.0417647	-0.0222134	img_Drone1__0_1750873930372058100.png
Drone1	1750873766352	28.3092	-16.4788	-5.0498	0.996024	-0.0652939	0.0565532	-0.0218048	img_Drone1__0_1750873930743774300.png
Drone1	1750873766781	28.4377	-16.2438	-4.84879	0.996385	0.0779831	0.0187743	-0.0279769	img_Drone1__0_1750873931296906800.png
Drone1	1750873767054	28.4825	-15.9693	-4.6816	0.997342	0.0662403	0.0111465	-0.0282328	img_Drone1__0_1750873931663687900.png
Drone1	1750873767348	28.5154	-15.5685	-4.48495	0.998472	0.0469733	0.00690428	-0.0282875	img_Drone1__0_1750873932028520800.png
Drone1	1750873767654	28.5381	-15.0895	-4.37876	0.996995	-0.0722313	0.00334281	-0.0277817	img_Drone1__0_1750873932424447800.png
Drone1	1750873767954	28.5488	-14.7378	-4.44984	0.99376	-0.108005	0.00342782	-0.0276588	img_Drone1__0_1750873932823185800.png
Drone1	1750873768188	28.5528	-14.5832	-4.46937	0.99676	-0.0408975	-0.0663137	-0.0199827	img_Drone1__0_1750873933169608500.png
Drone1	1750873768476	28.656	-14.4596	-4.53704	0.994719	0.0141848	-0.100836	-0.0128448	img_Drone1__0_1750873933571397200.png
Drone1	1750873768776	28.9332	-14.316	-4.60831	0.996688	0.0186698	-0.0783046	-0.0115066	img_Drone1__0_1750873933965536700.png
Drone1	1750873769070	29.3346	-14.1471	-4.64064	0.998372	0.0143782	-0.0540393	-0.0112428	img_Drone1__0_1750873934338931100.png
Drone1	1750873769349	29.7791	-13.9729	-4.63871	0.997186	-0.0287107	0.0683353	-0.0111943	img_Drone1__0_1750873934714917400.png
Drone1	1750873769661	30.1582	-13.8266	-4.68984	0.992997	-0.0425473	0.109687	-0.0107157	img_Drone1__0_1750873935111740000.png
Drone1	1750873769925	30.3144	-13.7669	-4.74885	0.993571	-0.0583352	0.0966742	-0.00821844	img_Drone1__0_1750873935462666100.png
Drone1	1750873770210	30.2664	-13.8257	-5.1504	0.996042	-0.0552465	0.0693045	-0.00677586	img_Drone1__0_1750873935834134000.png
Drone1	1750873770510	30.0846	-13.9874	-5.61771	0.998138	-0.0398012	0.0457575	-0.00648999	img_Drone1__0_1750873936205612400.png
Drone1	1750873770798	29.8352	-14.2063	-6.02965	0.99916	-0.0270563	0.0301084	-0.00640952	img_Drone1__0_1750873936578197400.png
Drone1	1750873771071	29.5632	-14.4451	-6.30883	0.998257	0.0388015	-0.0440659	-0.00594266	img_Drone1__0_1750873936944976500.png
Drone1	1750873771377	29.2994	-14.6772	-6.25448	0.995304	0.0636219	-0.072762	-0.00532615	img_Drone1__0_1750873937343336500.png
Drone1	1750873771632	29.18	-14.7727	-6.21382	0.989455	0.134758	-0.0530776	0.00146255	img_Drone1__0_1750873937680843100.png
Drone1	1750873771923	29.1636	-14.6027	-6.47137	0.990008	0.137472	-0.0310426	0.00471658	img_Drone1__0_1750873938047048300.png
Drone1	1750873772211	29.1999	-14.2143	-6.69369	0.994599	0.101872	-0.0191348	0.00529773	img_Drone1__0_1750873938439476000.png
Drone1	1750873772487	29.2615	-13.699	-6.83248	0.997392	0.0709093	-0.0123315	0.00544821	img_Drone1__0_1750873938817261900.png
Drone1	1750873772766	29.3375	-13.104	-6.88286	0.99552	-0.0936414	0.0118023	0.00556255	img_Drone1__0_1750873939188511500.png
Drone1	1750873773060	29.4004	-12.6242	-6.9488	0.989332	-0.144273	0.0193134	0.00588658	img_Drone1__0_1750873939558984000.png
Drone1	1750873773342	29.4631	-12.3174	-6.9092	0.997554	0.00376291	-0.0673792	0.0182233	img_Drone1__0_1750873939919931000.png
Drone1	1750873773612	29.6142	-12.0294	-6.87579	0.99737	0.0259941	-0.0643802	0.0208181	img_Drone1__0_1750873940289998800.png
Drone1	1750873773888	29.8614	-11.6982	-6.83473	0.998346	0.0234624	-0.0479072	0.0214477	img_Drone1__0_1750873940659826000.png
Drone1	1750873774332	30.3822	-11.1106	-6.77727	0.996454	-0.0612572	0.0536756	0.0211352	img_Drone1__0_1750873941229031500.png
Drone1	1750873774773	30.7468	-10.7274	-6.85962	0.992818	-0.0876908	0.0782888	0.0222223	img_Drone1__0_1750873941782097600.png
Drone1	1750873775043	30.823	-10.6729	-6.98441	0.996744	-0.0695034	0.0319897	0.0254335	img_Drone1__0_1750873942142565700.png
Drone1	1750873775319	30.8521	-10.7207	-7.09897	0.998304	-0.0494126	0.0163357	0.0260975	img_Drone1__0_1750873942509421600.png
Drone1	1750873775610	30.8579	-10.8507	-7.20184	0.999061	-0.0331393	0.00945675	0.0262669	img_Drone1__0_1750873942873247700.png
Drone1	1750873775901	30.8493	-11.0354	-7.28073	0.999643	0.0042912	0.0023852	0.0262467	img_Drone1__0_1750873943243880500.png
Drone1	1750873776222	30.8354	-11.23	-7.25866	0.998684	0.0439753	-0.0032274	0.0262104	img_Drone1__0_1750873943657851500.png
Drone1	1750873776474	30.8258	-11.3184	-7.31377	0.998459	0.0479594	0.00791751	0.02678	img_Drone1__0_1750873944001655400.png
Drone1	1750873776759	30.8008	-11.3286	-7.58562	0.998846	0.037886	0.0117047	0.0270894	img_Drone1__0_1750873944379147000.png
Drone1	1750873777038	30.7573	-11.2801	-7.8511	0.999233	0.0266636	0.0092624	0.0271449	img_Drone1__0_1750873944749092300.png
Drone1	1750873777338	30.6937	-11.1831	-8.13036	0.999457	0.0175633	0.00632812	0.0271554	img_Drone1__0_1750873945113599500.png
Drone1	1750873777611	30.6279	-11.0733	-8.27311	0.999427	-0.0172831	-0.0107882	0.0270329	img_Drone1__0_1750873945477083000.png
Drone1	1750873777914	30.5687	-10.9723	-8.19896	0.999076	-0.0288661	-0.016948	0.0269389	img_Drone1__0_1750873945867154800.png
Drone1	1750873778160	30.5454	-10.9234	-8.14582	0.998164	0.027684	-0.0454723	0.0288816	img_Drone1__0_1750873946202779600.png
Drone1	1750873778466	30.5871	-10.819	-8.09256	0.996915	0.0522451	-0.0500864	0.0303614	img_Drone1__0_1750873946578223400.png
Drone1	1750873778745	30.7018	-10.6416	-8.04018	0.997938	0.0419838	-0.0376379	0.0306668	img_Drone1__0_1750873946946382700.png
Drone1	1750873779021	30.8693	-10.4025	-7.9733	0.998733	0.0299636	-0.0262261	0.0307775	img_Drone1__0_1750873947312950000.png
Drone1	1750873779294	31.0648	-10.1314	-7.93264	0.998183	-0.0415112	0.0307522	0.0310269	img_Drone1__0_1750873947673610900.png
Drone1	1750873779603	31.2388	-9.89439	-7.96194	0.995894	-0.0680533	0.0507166	0.0314877	img_Drone1__0_1750873948065847100.png
Drone1	1750873779882	31.3227	-9.77196	-7.93307	0.996624	0.0354859	0.0698204	0.0246202	img_Drone1__0_1750873948400949100.png
Drone1	1750873780158	31.3085	-9.61636	-7.87484	0.99582	0.0645609	0.060811	0.0218251	img_Drone1__0_1750873948764288800.png
Drone1	1750873780437	31.2005	-9.36838	-7.80469	0.997384	0.0532674	0.0439606	0.0213508	img_Drone1__0_1750873949134941500.png
Drone1	1750873780716	31.0248	-9.04321	-7.71089	0.998588	0.0382458	0.0301409	0.021246	img_Drone1__0_1750873949511864200.png
Drone1	1750873781016	30.7978	-8.65481	-7.66859	0.996974	-0.0655142	-0.0361272	0.021133	img_Drone1__0_1750873949881755600.png
Drone1	1750873781304	30.6344	-8.37963	-7.71754	0.99636	-0.0733275	-0.0384439	0.0203021	img_Drone1__0_1750873950253455900.png
Drone1	1750873781574	30.5192	-8.2158	-7.82887	0.998843	0.010667	0.0441848	0.0157198	img_Drone1__0_1750873950617258300.png
Drone1	1750873781853	30.34	-8.04096	-7.99587	0.99859	0.021773	0.0460867	0.0144993	img_Drone1__0_1750873950986416200.png
Drone1	1750873782309	29.9053	-7.69164	-8.2588	0.999406	0.0147778	0.027742	0.0141317	img_Drone1__0_1750873951568916400.png
Drone1	1750873782591	29.5944	-7.45752	-8.30865	0.997283	-0.0445728	-0.0569729	0.013957	img_Drone1__0_1750873951945917200.png
Drone1	1750873782867	29.3674	-7.28741	-8.31037	0.995202	-0.0587077	-0.077091	0.0135539	img_Drone1__0_1750873952322824100.png
Drone1	1750873783158	29.2512	-7.22981	-8.21372	0.982937	-0.153434	-0.101261	0.00622268	img_Drone1__0_1750873952687823900.png
Drone1	1750873783422	29.2828	-7.37673	-8.05994	0.988156	-0.130767	-0.0801461	0.00494017	img_Drone1__0_1750873953059325400.png
Drone1	1750873783680	29.4077	-7.67082	-7.80835	0.993505	-0.0979879	-0.0576738	0.00445179	img_Drone1__0_1750873953427214400.png
Drone1	1750873783974	29.6339	-8.1458	-7.44185	0.999274	-0.0310377	-0.0216499	0.00445119	img_Drone1__0_1750873953796424100.png
Drone1	1750873784280	29.8849	-8.65036	-7.33886	0.993146	0.104627	0.0520151	0.00300727	img_Drone1__0_1750873954196610700.png
Drone1	1750873784532	30.0078	-8.90642	-7.48024	0.994353	0.00368242	0.104979	0.0151183	img_Drone1__0_1750873954541518700.png
Drone1	1750873784814	29.9991	-9.1828	-7.62311	0.992495	-0.0560773	0.106236	0.0228775	img_Drone1__0_1750873954917937300.png
Drone1	1750873785096	29.8294	-9.54094	-7.7468	0.995236	-0.0514076	0.0791857	0.0243329	img_Drone1__0_1750873955286836700.png
Drone1	1750873785402	29.515	-10.0166	-7.82786	0.997608	-0.0369584	0.0529139	0.0247436	img_Drone1__0_1750873955657795100.png
Drone1	1750873785702	29.1425	-10.5177	-7.85287	0.994214	0.0846662	-0.0615812	0.0240542	img_Drone1__0_1750873956047762600.png
Drone1	1750873786011	28.8601	-10.8814	-7.92834	0.989311	0.113116	-0.0886579	0.024681	img_Drone1__0_1750873956453552700.png
Drone1	1750873786248	28.7552	-11.022	-7.96655	0.985164	0.0499	-0.16388	0.0102425	img_Drone1__0_1750873956793267800.png
Drone1	1750873786524	28.91	-11.0856	-8.18147	0.984118	0.00107007	-0.177512	-0.000574163	img_Drone1__0_1750873957167222300.png
Drone1	1750873786830	29.3641	-11.1475	-8.32529	0.991332	-0.00739155	-0.13115	-0.00258359	img_Drone1__0_1750873957555547600.png
Drone1	1750873787118	29.9864	-11.2161	-8.34381	0.995886	-0.00669844	-0.0903229	-0.00291817	img_Drone1__0_1750873957926302000.png
Drone1	1750873787544	31.003	-11.3214	-8.38645	0.988015	0.0156908	0.153526	-0.00305518	img_Drone1__0_1750873958492554900.png
Drone1	1750873787844	31.4391	-11.3653	-8.4921	0.985821	0.0179438	0.166802	-0.0034526	img_Drone1__0_1750873958851303100.png
Drone1	1750873788123	31.6289	-11.3544	-8.58858	0.997583	0.0654174	0.018456	-0.0144026	img_Drone1__0_1750873959217042800.png
Drone1	1750873788405	31.7736	-11.2444	-8.71273	0.998248	0.0562394	-0.00950131	-0.0157663	img_Drone1__0_1750873959591775900.png
Drone1	1750873788681	31.9275	-11.0531	-8.82406	0.998979	0.0407145	-0.0114196	-0.0159213	img_Drone1__0_1750873959957159600.png
Drone1	1750873788972	32.108	-10.7873	-8.92191	0.999846	-0.00165696	0.0077103	-0.0156978	img_Drone1__0_1750873960331899400.png
Drone1	1750873789296	32.2905	-10.5032	-8.91443	0.997123	-0.0623416	0.0405059	-0.0147668	img_Drone1__0_1750873960744218700.png
Drone1	1750873789578	32.3709	-10.3801	-8.98074	0.985192	-0.154169	0.0739987	-0.0123567	img_Drone1__0_1750873961082109100.png
Drone1	1750873789860	32.2856	-10.5853	-9.39358	0.986764	-0.146975	0.0675669	-0.0113774	img_Drone1__0_1750873961452999200.png
Drone1	1750873790133	32.0936	-11.0137	-9.80101	0.992674	-0.109813	0.0491796	-0.0110283	img_Drone1__0_1750873961816830500.png
Drone1	1750873790565	31.6651	-11.9605	-10.2467	0.999362	0.0314249	-0.0133796	-0.0104818	img_Drone1__0_1750873962363904100.png
Drone1	1750873790871	31.3666	-12.6193	-10.3219	0.985521	0.153803	-0.0708754	-0.00835881	img_Drone1__0_1750873962747283000.png
Drone1	1750873791117	31.2095	-12.9694	-10.3325	0.998793	0.0483545	0.0084233	-0.00203472	img_Drone1__0_1750873963077989000.png
Drone1	1750873791414	31.013	-13.3356	-10.1261	0.997935	-0.0298368	0.0567458	0.00401908	img_Drone1__0_1750873963431882600.png
Drone1	1750873791690	30.7474	-13.7137	-9.94308	0.998248	-0.0329228	0.0488624	0.0053485	img_Drone1__0_1750873963788649700.png
Drone1	1750873791972	30.4021	-14.1489	-9.75189	0.99904	-0.0253261	0.0352713	0.00573445	img_Drone1__0_1750873964154214400.png
Drone1	1750873792275	29.9932	-14.632	-9.65871	0.994688	0.079004	-0.0657357	0.00575901	img_Drone1__0_1750873964537636400.png
Drone1	1750873792554	29.7178	-14.9485	-9.76857	0.989941	0.106119	-0.0933589	0.00638155	img_Drone1__0_1750873964901618800.png
Drone1	1750873792848	29.6122	-15.1147	-9.93804	0.99112	0.049416	-0.123415	-0.00298809	img_Drone1__0_1750873965268887500.png
Drone1	1750873793151	29.7102	-15.1932	-10.0706	0.995225	0.027842	-0.0934544	-0.00428641	img_Drone1__0_1750873965640929800.png
Drone1	1750873793427	29.9387	-15.2225	-10.1318	0.997674	0.0181019	-0.0655776	-0.00438518	img_Drone1__0_1750873966001466400.png
Drone1	1750873793706	30.2648	-15.2257	-10.1529	0.99996	0.00737416	0.00320466	-0.00393331	img_Drone1__0_1750873966365604700.png
Drone1	1750873794018	30.6164	-15.2165	-10.1554	0.99676	-0.0012318	0.0803646	-0.00308954	img_Drone1__0_1750873966753055700.png
Drone1	1750873794276	30.7939	-15.2039	-10.1744	0.991719	0.0448344	0.12012	-0.00735974	img_Drone1__0_1750873967086193800.png
Drone1	1750873794576	30.8064	-15.1211	-10.2126	0.992878	0.0535762	0.105981	-0.0095323	img_Drone1__0_1750873967447283100.png
Drone1	1750873794861	30.6553	-14.9601	-10.189	0.996191	0.0412998	0.0761438	-0.00999517	img_Drone1__0_1750873967816736500.png
Drone1	1750873795146	30.3888	-14.7354	-10.1173	0.998183	0.0290272	0.0518082	-0.0101647	img_Drone1__0_1750873968185867500.png
Drone1	1750873795602	29.9023	-14.3584	-10.1103	0.995253	-0.0588431	-0.07678	-0.0106714	img_Drone1__0_1750873968757270200.png
Drone1	1750873795863	29.7297	-14.2286	-10.0915	0.996451	-0.0561671	-0.0615713	-0.0117902	img_Drone1__0_1750873969098118000.png
Drone1	1750873796136	29.6088	-14.1475	-9.84659	0.998295	-0.0417621	-0.0388408	-0.0124065	img_Drone1__0_1750873969462505200.png
Drone1	1750873796418	29.5415	-14.1264	-9.56495	0.999182	-0.0289417	-0.0252895	-0.0125764	img_Drone1__0_1750873969835908600.png
Drone1	1750873796724	29.5128	-14.1554	-9.25704	0.99961	-0.0189544	-0.0161695	-0.0126369	img_Drone1__0_1750873970209058600.png
Drone1	1750873797006	29.5141	-14.212	-9.11506	0.999892	0.00735932	-0.00220306	-0.0125458	img_Drone1__0_1750873970574438000.png
Drone1	1750873797322	29.5242	-14.2659	-9.15543	0.9998	0.0154264	0.00206505	-0.0125373	img_Drone1__0_1750873970979338100.png
Drone1	1750873797577	29.5288	-14.284	-9.17526	0.997356	0.068652	0.0203041	-0.012459	img_Drone1__0_1750873971327006300.png
Drone1	1750873797871	29.5052	-14.2019	-9.22706	0.996673	0.0768879	0.023957	-0.0125638	img_Drone1__0_1750873971716709100.png
Drone1	1750873798306	29.4039	-13.8572	-9.27214	0.99865	0.0480805	0.0149996	-0.0126777	img_Drone1__0_1750873972279610900.png
Drone1	1750873798732	29.2591	-13.3681	-9.26823	0.998148	-0.0568268	-0.0174037	-0.0129953	img_Drone1__0_1750873972825578000.png
Drone1	1750873799014	29.1842	-13.1176	-9.28783	0.997165	-0.0655172	-0.0349999	-0.0120427	img_Drone1__0_1750873973193263100.png
Drone1	1750873799443	29.2038	-12.8388	-9.12985	0.996699	0.0233056	-0.077684	-0.0036624	img_Drone1__0_1750873973743801100.png
Drone1	1750873799854	29.4704	-12.5144	-8.93935	0.998592	0.019442	-0.0492681	-0.00301954	img_Drone1__0_1750873974281906400.png
Drone1	1750873800124	29.7393	-12.2664	-8.80339	0.99994	-0.0103773	-0.000988613	-0.0033324	img_Drone1__0_1750873974643994200.png
Drone1	1750873800439	30.0466	-12.0071	-8.82862	0.995891	-0.0590761	0.0685629	-0.00325509	img_Drone1__0_1750873975037800600.png
Drone1	1750873800712	30.2028	-11.8517	-8.92339	0.992744	0.0906568	0.0775234	-0.0151732	img_Drone1__0_1750873975399362700.png
Drone1	1750873801009	30.2079	-11.5249	-9.28457	0.989634	0.129018	0.0597481	-0.0202352	img_Drone1__0_1750873975769583700.png
Drone1	1750873801312	30.1123	-10.9744	-9.60635	0.994008	0.0994386	0.0401406	-0.0211962	img_Drone1__0_1750873976149139500.png
Drone1	1750873801723	29.8856	-9.97803	-9.90025	0.998444	-0.0508453	-0.00864749	-0.0212004	img_Drone1__0_1750873976708448900.png
Drone1	1750873802029	29.7187	-9.2933	-9.97748	0.985069	-0.16544	-0.0423045	-0.0218743	img_Drone1__0_1750873977106404900.png
Drone1	1750873802311	29.6093	-8.94201	-10.0959	0.984876	-0.150894	0.0735599	-0.0428794	img_Drone1__0_1750873977453580400.png
Drone1	1750873802587	29.3562	-8.92939	-10.5349	0.987564	-0.10978	0.100098	-0.0514394	img_Drone1__0_1750873977816884500.png
Drone1	1750873802869	28.9274	-9.09818	-11.0167	0.992665	-0.0750192	0.0785181	-0.0531249	img_Drone1__0_1750873978182525200.png
Drone1	1750873803151	28.3837	-9.36754	-11.4087	0.995807	-0.0503578	0.0545696	-0.0534253	img_Drone1__0_1750873978544722000.png
Drone1	1750873803454	27.7352	-9.7155	-11.6587	0.991234	0.0583442	-0.107569	-0.0497907	img_Drone1__0_1750873978908677400.png
Drone1	1750873803739	27.2536	-9.98331	-11.6769	0.986391	0.0664389	-0.14199	-0.049573	img_Drone1__0_1750873979271176900.png
Drone1	1750873804015	26.9819	-10.2256	-11.7619	0.989226	-0.123875	-0.0374526	-0.0684413	img_Drone1__0_1750873979629829200.png
Drone1	1750873804294	26.7773	-10.6643	-11.9618	0.989734	-0.123788	-0.0109315	-0.0705936	img_Drone1__0_1750873979988055200.png
Drone1	1750873804579	26.5747	-11.2938	-12.1091	0.99318	-0.0924047	-0.00351977	-0.0710091	img_Drone1__0_1750873980336796800.png
Drone1	1750873804828	26.3948	-11.9566	-12.1905	0.997357	-0.0142061	-0.00923709	-0.0706555	img_Drone1__0_1750873980658944800.png
Drone1	1750873805128	26.2048	-12.7205	-12.2705	0.983239	0.16504	-0.0379422	-0.0675454	img_Drone1__0_1750873981040504900.png
Drone1	1750873805395	26.1082	-13.1799	-12.3509	0.985811	0.11999	-0.0868552	-0.0789598	img_Drone1__0_1750873981383368200.png
Drone1	1750873805695	26.1275	-13.534	-12.2941	0.990511	0.0661231	-0.0855014	-0.0848867	img_Drone1__0_1750873981752451900.png
Drone1	1750873805971	26.2761	-13.7692	-12.1751	0.993384	0.0422353	-0.0635007	-0.0858607	img_Drone1__0_1750873982125812600.png
Drone1	1750873806280	26.5557	-13.9694	-12.0021	0.995036	0.0267013	-0.0421928	-0.086077	img_Drone1__0_1750873982514404100.png
Drone1	1750873806577	26.876	-14.1085	-11.9597	0.994341	0.0279599	0.0596286	-0.083361	img_Drone1__0_1750873982892664400.png
Drone1	1750873806859	27.0994	-14.1849	-11.9975	0.991934	0.0279027	0.0924226	-0.0821372	img_Drone1__0_1750873983250964500.png
Drone1	1750873807138	27.0952	-14.1903	-12.2413	0.982138	0.0174971	0.17056	-0.0775106	img_Drone1__0_1750873983609320700.png
Drone1	1750873807561	26.5418	-14.0941	-12.811	0.990101	0.00933243	0.116691	-0.0774378	img_Drone1__0_1750873984141081800.png
Drone1	1750873807843	25.9595	-13.9954	-13.0684	0.993726	0.00617181	0.0802273	-0.0776745	img_Drone1__0_1750873984489166800.png
Drone1	1750873808113	25.3191	-13.8882	-13.1888	0.991581	-0.0123393	-0.103032	-0.0774537	img_Drone1__0_1750873984823143800.png
Drone1	1750873808380	24.812	-13.8083	-13.244	0.985062	-0.0256608	-0.15127	-0.0781762	img_Drone1__0_1750873985167334900.png
Drone1	1750873808659	24.4311	-13.8024	-13.3966	0.991374	-0.0688327	0.0643699	-0.0910818	img_Drone1__0_1750873985515463800.png
Drone1	1750873808953	23.9316	-13.9135	-13.6923	0.990801	-0.0560906	0.0814949	-0.0923352	img_Drone1__0_1750873985868195500.png
Drone1	1750873809229	23.3371	-14.0916	-13.9415	0.992874	-0.0402435	0.063391	-0.0925401	img_Drone1__0_1750873986219171400.png
Drone1	1750873809505	22.6491	-14.3188	-14.1514	0.995514	0.00269438	-0.0213223	-0.0921363	img_Drone1__0_1750873986572729200.png
Drone1	1750873809832	21.9006	-14.5783	-14.2459	0.981252	0.0601149	-0.160567	-0.0880253	img_Drone1__0_1750873986977175700.png
Drone1	1750873810087	21.5351	-14.7256	-14.2981	0.989222	-0.00924872	-0.109677	-0.096567	img_Drone1__0_1750873987306270800.png
Drone1	1750873810393	21.2683	-14.9243	-14.2863	0.992683	-0.0345822	-0.0590892	-0.0994675	img_Drone1__0_1750873987679180900.png
Drone1	1750873810684	21.1114	-15.1763	-14.2453	0.993925	-0.0288576	-0.0364785	-0.099746	img_Drone1__0_1750873988035804600.png
Drone1	1750873810969	21.0127	-15.4741	-14.1933	0.994514	-0.0206387	-0.0236327	-0.0997916	img_Drone1__0_1750873988398247300.png
Drone1	1750873811413	20.9301	-15.9211	-14.1893	0.992404	0.0733263	-0.0117834	-0.0980782	img_Drone1__0_1750873988947042000.png
Drone1	1750873811668	20.9374	-16.0471	-14.2696	0.982077	0.12711	-0.0941076	-0.102522	img_Drone1__0_1750873989280212200.png
Drone1	1750873811944	21.1448	-15.9543	-14.6429	0.982954	0.114005	-0.0997879	-0.10415	img_Drone1__0_1750873989640764700.png
Drone1	1750873812229	21.5256	-15.7014	-14.9797	0.988213	0.0830182	-0.0746984	-0.104703	img_Drone1__0_1750873989995872800.png
Drone1	1750873812517	22.0315	-15.3364	-15.23	0.991554	0.0568228	-0.0509204	-0.104873	img_Drone1__0_1750873990341335900.png
Drone1	1750873812943	22.8106	-14.7518	-15.3666	0.982797	-0.0967844	0.121067	-0.100426	img_Drone1__0_1750873990863657400.png
Drone1	1750873813183	23.0882	-14.5201	-15.3776	0.985807	0.0555777	0.105068	-0.11856	img_Drone1__0_1750873991176535600.png
Drone1	1750873813462	23.2758	-14.1589	-15.379	0.981539	0.124552	0.0691326	-0.127626	img_Drone1__0_1750873991532912300.png
Drone1	1750873813750	23.3794	-13.5853	-15.363	0.985039	0.104309	0.0449216	-0.129616	img_Drone1__0_1750873991872104900.png
Drone1	1750873814041	23.4344	-12.8411	-15.2751	0.988229	0.0745988	0.028989	-0.130377	img_Drone1__0_1750873992241517700.png
Drone1	1750873814317	23.4557	-12.0616	-15.234	0.983763	-0.125148	-0.00362387	-0.128589	img_Drone1__0_1750873992588080400.png
Drone1	1750873814596	23.4501	-11.4745	-15.3963	0.974687	-0.182342	-0.00201158	-0.129352	img_Drone1__0_1750873992935388100.png
Drone1	1750873815043	23.2519	-11.0136	-15.5709	0.978324	-0.0964017	0.0985031	-0.15455	img_Drone1__0_1750873993472492600.png
Drone1	1750873815484	22.6845	-10.8661	-15.5518	0.984313	-0.0516473	0.0621077	-0.156852	img_Drone1__0_1750873994014233900.png
Drone1	1750873815919	21.9198	-10.8703	-15.4983	0.983795	0.00621871	-0.0938099	-0.152669	img_Drone1__0_1750873994569860900.png
Drone1	1750873816207	21.5512	-10.9042	-15.5633	0.980707	0.0119726	-0.123484	-0.15107	img_Drone1__0_1750873994923546500.png
Drone1	1750873816504	21.395	-10.9435	-15.6192	0.978947	0.031649	-0.137123	-0.147843	img_Drone1__0_1750873995281399700.png
Drone1	1750873816921	21.5444	-10.9718	-15.5837	0.984857	0.0231222	-0.0871794	-0.148059	img_Drone1__0_1750873995813749800.png
Drone1	1750873817221	21.8403	-10.9721	-15.4813	0.987114	0.0160431	-0.058039	-0.148257	img_Drone1__0_1750873996177201300.png
Drone1	1750873817521	22.212	-10.9605	-15.4374	0.987144	-0.00618921	0.0615357	-0.147384	img_Drone1__0_1750873996548303100.png
Drone1	1750873817809	22.4802	-10.9429	-15.4731	0.982844	-0.0439576	0.107336	-0.143406	img_Drone1__0_1750873996906957300.png
Drone1	1750873818088	22.5433	-10.9794	-15.5951	0.976839	-0.102864	0.12955	-0.135723	img_Drone1__0_1750873997265515800.png
Drone1	1750873818388	22.3748	-11.1522	-15.6983	0.982231	-0.085964	0.0980705	-0.134961	img_Drone1__0_1750873997641817000.png
Drone1	1750873818667	22.0616	-11.4149	-15.6966	0.986495	-0.0625419	0.068337	-0.135081	img_Drone1__0_1750873997995243200.png
Drone1	1750873818961	21.6186	-11.7687	-15.6394	0.989966	0.0295456	-0.0288916	-0.135126	img_Drone1__0_1750873998349379100.png
Drone1	1750873819267	21.2119	-12.0952	-15.7069	0.98258	0.0850449	-0.0981695	-0.132918	img_Drone1__0_1750873998734174900.png
Drone1	1750873819531	21.0118	-12.281	-15.7609	0.985029	0.0383522	-0.0965629	-0.137563	img_Drone1__0_1750873999051289900.png
Drone1	1750873819795	20.9433	-12.4266	-15.775	0.987406	0.0116482	-0.0736653	-0.139524	img_Drone1__0_1750873999387341500.png
Drone1	1750873820215	21.0273	-12.6538	-15.7451	0.989252	0.00267261	-0.0421641	-0.139984	img_Drone1__0_1750873999902810700.png
Drone1	1750873820641	21.2561	-12.8889	-15.7015	0.989641	0.0246073	0.024273	-0.13934	img_Drone1__0_1750874000422307200.png
Drone1	1750873821085	21.4475	-13.0426	-15.7091	0.987754	0.00131859	0.07573	-0.136398	img_Drone1__0_1750874000960316600.png
Drone1	1750873821511	21.2016	-13.1947	-16.2326	0.981669	-0.0635305	0.126945	-0.127176	img_Drone1__0_1750874001509693500.png
Drone1	1750873821781	20.7183	-13.3955	-16.8163	0.986126	-0.0502346	0.0944117	-0.126962	img_Drone1__0_1750874001827619200.png
Drone1	1750873822063	20.0765	-13.6566	-17.3396	0.989189	-0.035475	0.0641349	-0.12702	img_Drone1__0_1750874002175761100.png
Drone1	1750873822339	19.3823	-13.9384	-17.6902	0.983128	0.0596413	-0.119907	-0.124597	img_Drone1__0_1750874002516109800.png
Drone1	1750873822633	18.7617	-14.1991	-17.7213	0.973037	0.0585046	-0.183644	-0.12669	img_Drone1__0_1750874002871811900.png
Drone1	1750873822924	18.5492	-14.4278	-17.907	0.970795	-0.0198955	-0.191259	-0.143461	img_Drone1__0_1750874003232418700.png
Drone1	1750873823191	18.7223	-14.7153	-18.2682	0.978112	-0.024906	-0.145535	-0.146613	img_Drone1__0_1750874003572248700.png
Drone1	1750873823479	19.0974	-15.086	-18.5242	0.983838	-0.0194856	-0.0991241	-0.147845	img_Drone1__0_1750874003930794800.png
Drone1	1750873823911	19.8731	-15.708	-18.687	0.982765	0.0655717	0.0930571	-0.145652	img_Drone1__0_1750874004443514200.png
Drone1	1750873824178	20.2583	-15.9872	-18.7556	0.976694	0.0899265	0.129512	-0.145636	img_Drone1__0_1750874004788070600.png
Drone1	1750873824604	20.3821	-15.9429	-19.2723	0.973572	0.107692	0.136565	-0.148023	img_Drone1__0_1750874005313535700.png
Drone1	1750873824877	20.158	-15.5941	-19.8205	0.980527	0.0804045	0.0984434	-0.1497	img_Drone1__0_1750874005655417100.png
Drone1	1750873825183	19.7797	-15.0628	-20.3002	0.985052	0.0538763	0.0635029	-0.150791	img_Drone1__0_1750874006010845200.png
Drone1	1750873825471	19.3569	-14.4889	-20.5796	0.981788	-0.0865626	-0.0757416	-0.151201	img_Drone1__0_1750874006354532200.png
Drone1	1750873825897	18.8557	-13.8555	-20.5267	0.972038	-0.160663	0.00433236	-0.171205	img_Drone1__0_1750874006874995500.png
Drone1	1750873826188	18.5128	-13.6713	-20.2752	0.973349	-0.134804	0.0481302	-0.179173	img_Drone1__0_1750874007218689200.png
Drone1	1750873826611	17.8338	-13.7285	-19.7586	0.979402	-0.0802887	0.0368265	-0.181576	img_Drone1__0_1750874007733165900.png
Drone1	1750873826902	17.2686	-13.9169	-19.3579	0.982731	0.00634341	-0.0455455	-0.179234	img_Drone1__0_1750874008073330600.png
Drone1	1750873827325	16.6872	-14.1884	-19.4403	0.976223	0.0546347	-0.116351	-0.174546	img_Drone1__0_1750874008604203900.png
Drone1	1750873827625	16.5906	-14.3079	-19.7831	0.979295	0.0228499	-0.0944823	-0.177571	img_Drone1__0_1750874008949940000.png
Drone1	1750873828042	16.7283	-14.454	-20.2197	0.982347	0.0104048	-0.0557192	-0.178274	img_Drone1__0_1750874009467044700.png
Drone1	1750873828342	16.9525	-14.5575	-20.5012	0.983257	0.00656991	-0.0365896	-0.178394	img_Drone1__0_1750874009805132700.png
Drone1	1750873828801	17.3458	-14.7003	-20.5805	0.982119	0.0179802	0.0604544	-0.177384	img_Drone1__0_1750874010355176800.png
Drone1	1750873829200	17.4128	-14.7047	-20.7889	0.9739	0.0224206	0.143771	-0.174201	img_Drone1__0_1750874010838368400.png
Drone1	1750873829473	17.1751	-14.6064	-21.1116	0.977773	0.0169157	0.11472	-0.174678	img_Drone1__0_1750874011177113400.png
Drone1	1750873829773	16.7467	-14.4424	-21.3777	0.981317	0.0113279	0.0785752	-0.175256	img_Drone1__0_1750874011522636300.png
Drone1	1750873830076	16.1943	-14.2371	-21.5511	0.983116	-0.0128196	-0.0507138	-0.17535	img_Drone1__0_1750874011875525300.png
Drone1	1750873830487	15.5772	-14.0247	-21.5831	0.975655	-0.0395742	-0.126142	-0.174983	img_Drone1__0_1750874012373778300.png
Drone1	1750873830775	15.3792	-13.9274	-21.7784	0.982174	0.083958	-0.0376545	-0.163912	img_Drone1__0_1750874012706407000.png
Drone1	1750873831054	15.3092	-13.6992	-22.2354	0.983238	0.0803911	-0.0150586	-0.162951	img_Drone1__0_1750874013044252800.png
Drone1	1750873831504	15.28	-13.1071	-22.9105	0.98543	0.0474158	-0.00526297	-0.163253	img_Drone1__0_1750874013570245100.png
Drone1	1750873831975	15.2907	-12.3872	-23.1599	0.980529	-0.106823	-0.00602409	-0.164666	img_Drone1__0_1750874014124490600.png
Drone1	1750873832407	15.2599	-11.9359	-23.0897	0.984311	0.0386582	0.0268766	-0.170043	img_Drone1__0_1750874014620207600.png
Drone1	1750873832851	15.1533	-11.3718	-23.1086	0.984442	0.0363902	0.0185506	-0.170898	img_Drone1__0_1750874015146344200.png
Drone1	1750873833160	15.0496	-10.8893	-23.1111	0.985236	-0.0070534	-0.000108987	-0.171059	img_Drone1__0_1750874015504087000.png
Drone1	1750873833514	14.9326	-10.3809	-23.1374	0.979815	-0.0984448	-0.0301905	-0.171348	img_Drone1__0_1750874015904218700.png
Drone1	1750873833790	14.8586	-10.1231	-23.0762	0.983193	-0.0549951	-0.00159945	-0.174083	img_Drone1__0_1750874016234827800.png
Drone1	1750873834246	14.7236	-9.78794	-22.2224	0.984331	-0.0147083	0.00998224	-0.175432	img_Drone1__0_1750874016752477900.png
Drone1	1750873834756	14.5283	-9.46626	-20.8595	0.984288	-0.0175101	-0.01092	-0.175361	img_Drone1__0_1750874017347627500.png
Drone1	1750873835209	14.3935	-9.30153	-20.6136	0.984133	-0.0203561	0.00763851	-0.176096	img_Drone1__0_1750874017893823200.png
Drone1	1750873835491	14.3125	-9.25885	-20.7271	0.982648	-0.00198853	0.0547846	-0.177194	img_Drone1__0_1750874018232801300.png
Drone1	1750873835953	14.0096	-9.16614	-20.9293	0.983322	0.00153691	0.0391952	-0.177594	img_Drone1__0_1750874018774115900.png
Drone1	1750873836268	13.7067	-9.0825	-21.0517	0.984081	-0.00107113	-0.000317413	-0.177717	img_Drone1__0_1750874019147115500.png
Drone1	1750873836733	13.305	-8.97983	-21.0454	0.98212	0.021538	-0.0659337	-0.175014	img_Drone1__0_1750874019705150100.png
Drone1	1750873837180	13.2181	-8.81289	-21.3962	0.981956	0.0714594	-0.0399195	-0.170475	img_Drone1__0_1750874020238605900.png
Drone1	1750873837627	13.3369	-8.41579	-21.7373	0.984138	0.0436649	-0.0213018	-0.170622	img_Drone1__0_1750874020782328900.png
Drone1	1750873837933	13.4806	-8.06126	-21.8646	0.984089	-0.0468728	0.0104275	-0.171066	img_Drone1__0_1750874021141592900.png
Drone1	1750873838260	13.6037	-7.75307	-21.844	0.981612	-0.0797984	0.0285583	-0.171038	img_Drone1__0_1750874021531700600.png
Drone1	1750873838545	13.6556	-7.58426	-21.7594	0.981662	0.0805475	-0.02213	-0.171352	img_Drone1__0_1750874021861749500.png
Drone1	1750873838848	13.7613	-7.29642	-21.6128	0.978492	0.111319	-0.0331711	-0.170472	img_Drone1__0_1750874022220509800.png
Drone1	1750873839148	13.9539	-6.83473	-21.4495	0.981293	0.0850757	-0.0255258	-0.170808	img_Drone1__0_1750874022585067700.png
Drone1	1750873839577	14.3348	-5.96549	-21.1973	0.982363	-0.0726137	0.021071	-0.171013	img_Drone1__0_1750874023124172900.png
Drone1	1750873839916	14.5688	-5.4096	-21.3379	0.974039	-0.139207	0.0534205	-0.17034	img_Drone1__0_1750874023516088100.png
Drone1	1750873840189	14.6539	-5.16919	-21.4691	0.981973	-0.0898178	-0.050226	-0.158554	img_Drone1__0_1750874023850742000.png
Drone1	1750873840666	14.9128	-5.10847	-21.865	0.985429	-0.0377197	-0.0647863	-0.152676	img_Drone1__0_1750874024404951100.png
Drone1	1750873841116	15.3799	-5.25027	-22.161	0.988136	-0.0105421	-0.00784695	-0.153019	img_Drone1__0_1750874024945689000.png
Drone1	1750873841605	15.8703	-5.42719	-22.1679	0.980776	0.0511991	0.10727	-0.154758	img_Drone1__0_1750874025509276300.png
Drone1	1750873841893	15.9258	-5.38085	-22.3917	0.977661	0.0732023	0.119444	-0.156693	img_Drone1__0_1750874025865279900.png
Drone1	1750873842181	15.81	-5.19027	-22.5979	0.981686	0.0576887	0.0896578	-0.157881	img_Drone1__0_1750874026219973300.png
Drone1	1750873842469	15.5744	-4.89265	-22.73	0.984601	0.0406078	0.0614052	-0.15856	img_Drone1__0_1750874026575528600.png
Drone1	1750873842781	15.235	-4.49448	-22.784	0.985448	-0.042996	-0.0427681	-0.158791	img_Drone1__0_1750874026937058100.png
Drone1	1750873843237	14.856	-4.08558	-22.8232	0.985541	-0.044442	-0.0189839	-0.162399	img_Drone1__0_1750874027482329800.png
Drone1	1750873843543	14.6246	-3.90616	-22.7066	0.977154	0.0399979	0.122524	-0.168994	img_Drone1__0_1750874027839099700.png
Drone1	1750873843849	14.1908	-3.62491	-22.6233	0.978739	0.0396266	0.106204	-0.170942	img_Drone1__0_1750874028196054300.png
Drone1	1750873844153	13.5959	-3.24996	-22.4793	0.981851	0.0288368	0.0747618	-0.171894	img_Drone1__0_1750874028557185400.png
Drone1	1750873844459	12.9047	-2.81886	-22.3859	0.978315	-0.050121	-0.1042	-0.171846	img_Drone1__0_1750874028916218700.png
Drone1	1750873844918	12.2145	-2.43182	-22.6024	0.969821	-0.0810634	-0.151788	-0.172734	img_Drone1__0_1750874029484882400.png
Drone1	1750873845380	12.1502	-2.52324	-23.0419	0.978198	-0.0478009	-0.104709	-0.17286	img_Drone1__0_1750874030049370700.png
Drone1	1750873845686	12.3334	-2.74195	-23.2542	0.98184	-0.0317553	-0.0696165	-0.173597	img_Drone1__0_1750874030417498300.png
Drone1	1750873846010	12.647	-3.05589	-23.416	0.984733	0.00265176	-0.00680939	-0.173917	img_Drone1__0_1750874030790470300.png
Drone1	1750873846493	13.089	-3.46314	-23.4205	0.977577	0.106247	0.0249435	-0.180091	img_Drone1__0_1750874031341929300.png
Drone1	1750873846970	13.5427	-3.47091	-23.1045	0.969963	0.135413	-0.0674562	-0.190488	img_Drone1__0_1750874031931627700.png
Drone1	1750873847264	14.0022	-3.21958	-22.7915	0.975288	0.0967631	-0.0517755	-0.191755	img_Drone1__0_1750874032292424300.png
Drone1	1750873847726	14.8972	-2.59403	-22.2834	0.976245	-0.0704611	0.0816709	-0.18791	img_Drone1__0_1750874032830489900.png
Drone1	1750873848041	15.2833	-2.27086	-22.4569	0.970714	-0.0970434	0.117599	-0.185656	img_Drone1__0_1750874033214302500.png
Drone1	1750873848338	15.4481	-2.08938	-22.54	0.978169	-0.0921357	-0.0836248	-0.166446	img_Drone1__0_1750874033555635700.png
Drone1	1750873848644	15.7061	-2.05759	-22.486	0.976899	-0.067001	-0.127334	-0.158002	img_Drone1__0_1750874033923234500.png
Drone1	1750873848950	16.1594	-2.18107	-22.3809	0.981651	-0.0453787	-0.0973053	-0.15759	img_Drone1__0_1750874034283159900.png
Drone1	1750873849256	16.7635	-2.40861	-22.2051	0.987159	-0.0126037	-0.00964554	-0.158951	img_Drone1__0_1750874034642288800.png
Drone1	1750873849571	17.3691	-2.65743	-22.2622	0.977289	0.0426391	0.131965	-0.160229	img_Drone1__0_1750874035032875700.png
Drone1	1750873849868	17.7283	-2.81448	-22.3745	0.978894	-0.115344	0.0936128	-0.140356	img_Drone1__0_1750874035388071600.png
Drone1	1750873850174	17.8719	-3.14293	-22.5912	0.979279	-0.142257	0.053175	-0.133968	img_Drone1__0_1750874035752770100.png
Drone1	1750873850480	17.8874	-3.69403	-22.7249	0.984709	-0.106638	0.0321789	-0.133943	img_Drone1__0_1750874036117845800.png
Drone1	1750873850789	17.823	-4.42158	-22.7669	0.990454	-0.0189344	0.016712	-0.135507	img_Drone1__0_1750874036483745700.png
Drone1	1750873851245	17.7063	-5.38326	-22.8801	0.976691	0.150304	-0.0514471	-0.144348	img_Drone1__0_1750874037019197000.png
Drone1	1750873851692	17.9057	-5.84805	-22.9847	0.974643	0.0709531	-0.13226	-0.165965	img_Drone1__0_1750874037558938500.png
Drone1	1750873852130	18.5792	-6.1085	-22.8943	0.981656	0.0378451	-0.0813436	-0.168235	img_Drone1__0_1750874038100246000.png
Drone1	1750873852595	19.5964	-6.28182	-22.7693	0.985788	0.0167152	0.0102826	-0.166846	img_Drone1__0_1750874038636651000.png
Drone1	1750873852901	20.2767	-6.34922	-22.7617	0.985884	0.0105681	0.0135209	-0.166547	img_Drone1__0_1750874038992510500.png
Drone1	1750873853375	21.2868	-6.40872	-22.7524	0.986	0.00522059	0.00751629	-0.166491	img_Drone1__0_1750874039546813900.png
Drone1	1750873853693	21.9434	-6.43021	-22.7474	0.986028	0.00324905	0.0043659	-0.166491	img_Drone1__0_1750874039912539900.png
Drone1	1750873854161	22.8925	-6.44723	-22.7418	0.98604	0.00160704	0.00160783	-0.166493	img_Drone1__0_1750874040467241100.png
Drone1	1750873854467	23.5065	-6.45288	-22.739	0.986042	0.00100736	0.000591874	-0.166495	img_Drone1__0_1750874040824955900.png
Drone1	1750873854779	24.1295	-6.45605	-22.7367	0.986042	0.000619848	-6.32843e-05	-0.166495	img_Drone1__0_1750874041186616400.png
Drone1	1750873855253	25.0724	-6.45792	-22.7339	0.986042	0.000286687	-0.000623744	-0.166495	img_Drone1__0_1750874041723280700.png
Drone1	1750873855715	25.9893	-6.45788	-22.7317	0.986042	0.000124324	-0.000894994	-0.166495	img_Drone1__0_1750874042269837700.png
Drone1	1750873856189	26.929	-6.45688	-22.7298	0.986042	4.08891e-05	-0.00103334	-0.166495	img_Drone1__0_1750874042804063400.png
Drone1	1750873856663	27.868	-6.4554	-22.7281	0.986042	-4.79356e-07	-0.00110146	-0.166495	img_Drone1__0_1750874043360882600.png
Drone1	1750873857113	28.7593	-6.45377	-22.7266	0.986042	-2.02566e-05	-0.0011338	-0.166495	img_Drone1__0_1750874043895971500.png
Drone1	1750873857422	29.3711	-6.4526	-22.7243	0.9855	-0.00579017	0.032586	-0.166414	img_Drone1__0_1750874044254971400.png
Drone1	1750873857893	30.113	-6.34409	-22.8736	0.977943	0.0723095	0.0938561	-0.172018	img_Drone1__0_1750874044805410200.png
Drone1	1750873858187	30.3958	-6.10113	-22.9661	0.980871	0.0570212	0.0683338	-0.173123	img_Drone1__0_1750874045159292000.png
Drone1	1750873858493	30.5911	-5.7329	-23.0078	0.982978	0.0392335	0.0452558	-0.173688	img_Drone1__0_1750874045519822800.png
Drone1	1750873858802	30.7181	-5.27685	-23.0211	0.983982	0.0259335	0.0291184	-0.173952	img_Drone1__0_1750874045884741600.png
Drone1	1750873859120	30.8008	-4.74911	-23.0228	0.984418	0.0168229	0.0183413	-0.174073	img_Drone1__0_1750874046251929700.png
Drone1	1750873859582	30.8686	-3.91883	-23.0191	0.984635	0.00913283	0.00931495	-0.17414	img_Drone1__0_1750874046798020900.png
Drone1	1750873859909	30.8947	-3.30457	-23.0158	0.984682	0.00610188	0.00574822	-0.174157	img_Drone1__0_1750874047174880900.png
Drone1	1750873860374	30.9146	-2.41062	-23.0117	0.984705	0.00367804	0.00287639	-0.174167	img_Drone1__0_1750874047717646600.png
Drone1	1750873860680	30.9213	-1.81473	-23.0095	0.98471	0.00278831	0.00181313	-0.17417	img_Drone1__0_1750874048074834600.png
Drone1	1750873860992	30.9252	-1.20355	-23.0076	0.984712	0.00221538	0.00112364	-0.174172	img_Drone1__0_1750874048434853200.png
Drone1	1750873861304	30.927	-0.590077	-23.006	0.984713	0.00185542	0.000687329	-0.174174	img_Drone1__0_1750874048794035500.png
Drone1	1750873861802	30.9276	0.391881	-23.0037	0.984714	0.00153693	0.000297804	-0.174174	img_Drone1__0_1750874049356725100.png
Drone1	1750873862108	30.9271	0.996221	-23.0026	0.984714	0.001431	0.000166977	-0.174174	img_Drone1__0_1750874049711336800.png
Drone1	1750873862414	30.9262	1.60098	-23.0014	0.984714	0.00136388	8.35093e-05	-0.174174	img_Drone1__0_1750874050070137900.png
Drone1	1750873862720	30.9248	2.19751	-23.0036	0.980992	-0.0796728	0.0196894	-0.175839	img_Drone1__0_1750874050430026000.png
Drone1	1750873863026	30.8491	2.6621	-23.123	0.97627	-0.0970252	0.07341	-0.179149	img_Drone1__0_1750874050788028400.png
Drone1	1750873863332	30.6186	2.97657	-23.2299	0.979171	-0.0718772	0.0600155	-0.180157	img_Drone1__0_1750874051153582400.png
Drone1	1750873863656	30.2396	3.1953	-23.2793	0.981603	-0.0471441	0.040259	-0.180588	img_Drone1__0_1750874051529000200.png
Drone1	1750873864130	29.5211	3.3792	-23.2962	0.983001	-0.0241369	0.0210006	-0.180789	img_Drone1__0_1750874052065259500.png
Drone1	1750873864589	28.7198	3.46902	-23.2943	0.98337	-0.0123882	0.0112433	-0.180841	img_Drone1__0_1750874052603721700.png
Drone1	1750873865066	27.8312	3.51524	-23.2895	0.983471	-0.00614942	0.00612548	-0.180858	img_Drone1__0_1750874053141245900.png
Drone1	1750873865372	27.2451	3.53119	-23.2867	0.983491	-0.00391392	0.00430748	-0.180863	img_Drone1__0_1750874053503987800.png
Drone1	1750873865681	26.6459	3.54098	-23.2842	0.9835	-0.00247492	0.0031438	-0.180865	img_Drone1__0_1750874053864355300.png
Drone1	1750873866185	25.6593	3.54898	-23.281	0.983504	-0.00116437	0.00209093	-0.180868	img_Drone1__0_1750874054429180700.png
Drone1	1750873866656	24.7318	3.55162	-23.2786	0.983506	-0.000568097	0.00161569	-0.18087	img_Drone1__0_1750874054978402000.png
Drone1	1750873867133	23.7898	3.55197	-23.2766	0.983506	-0.000267385	0.00137778	-0.18087	img_Drone1__0_1750874055530672300.png
Drone1	1750873867616	22.8345	3.55114	-23.2748	0.983506	-0.000117169	0.00125983	-0.18087	img_Drone1__0_1750874056079459900.png
Drone1	1750873868090	21.9659	3.52363	-23.339	0.975155	-0.0662961	-0.102294	-0.184969	img_Drone1__0_1750874056637969200.png
Drone1	1750873868402	21.5902	3.34887	-23.4713	0.976621	-0.0655849	-0.0837099	-0.18682	img_Drone1__0_1750874057006958000.png
Drone1	1750873868864	21.256	2.83923	-23.5557	0.980323	-0.0388746	-0.0462008	-0.187939	img_Drone1__0_1750874057552148400.png
Drone1	1750873869344	21.0782	2.107	-23.5712	0.981626	-0.020368	-0.02321	-0.188302	img_Drone1__0_1750874058094203500.png
Drone1	1750873869827	20.9903	1.25958	-23.5687	0.981966	-0.0106556	-0.0114539	-0.188407	img_Drone1__0_1750874058654174400.png
Drone1	1750873870145	20.9591	0.669268	-23.5655	0.982035	-0.00711458	-0.00717287	-0.188431	img_Drone1__0_1750874059018673800.png
Drone1	1750873870613	20.934	-0.224534	-23.5611	0.982068	-0.00416322	-0.00358621	-0.188445	img_Drone1__0_1750874059558899300.png
Drone1	1750873870916	20.9256	-0.812505	-23.5588	0.982076	-0.00309663	-0.00228029	-0.188449	img_Drone1__0_1750874059906330400.png
Drone1	1750873871390	20.919	-1.74021	-23.5558	0.982079	-0.00214875	-0.00111082	-0.188452	img_Drone1__0_1750874060457870700.png
Drone1	1750873871711	20.9172	-2.37165	-23.5541	0.98208	-0.00179753	-0.000673671	-0.188454	img_Drone1__0_1750874060828903400.png
Drone1	1750873872038	20.9167	-3.01641	-23.5527	0.982081	-0.00157664	-0.000396867	-0.188454	img_Drone1__0_1750874061199896500.png
Drone1	1750873872512	20.9173	-3.95256	-23.5508	0.982081	-0.00139855	-0.000171757	-0.188454	img_Drone1__0_1750874061751794600.png
Drone1	1750873872845	20.9183	-4.61086	-23.5495	0.982081	-0.00133071	-8.52898e-05	-0.188454	img_Drone1__0_1750874062130887200.png
Drone1	1750873873160	20.9233	-5.21139	-23.5661	0.976106	0.0935362	-0.0434	-0.191272	img_Drone1__0_1750874062495397000.png
Drone1	1750873873460	21.0291	-5.63409	-23.6971	0.973972	0.0942251	-0.0712478	-0.193451	img_Drone1__0_1750874062858084100.png
Drone1	1750873873763	21.2839	-5.92408	-23.7909	0.977004	0.0681213	-0.0552798	-0.194335	img_Drone1__0_1750874063220167500.png
Drone1	1750873874234	21.8958	-6.19303	-23.8399	0.979717	0.0360763	-0.0299592	-0.194822	img_Drone1__0_1750874063760144600.png
Drone1	1750873874693	22.6448	-6.32739	-23.8451	0.980507	0.018663	-0.0159013	-0.194946	img_Drone1__0_1750874064297802100.png
Drone1	1750873875161	23.4892	-6.39634	-23.8412	0.980725	0.00942266	-0.00852528	-0.194982	img_Drone1__0_1750874064836690500.png
Drone1	1750873875635	24.3863	-6.43043	-23.8365	0.980782	0.0046939	-0.00478949	-0.194994	img_Drone1__0_1750874065385891400.png
Drone1	1750873876091	25.2695	-6.44604	-23.8328	0.980796	0.00239418	-0.00298742	-0.194998	img_Drone1__0_1750874065921424700.png
Drone1	1750873876406	25.8856	-6.45154	-23.8307	0.9808	0.00150118	-0.00229196	-0.194999	img_Drone1__0_1750874066282727500.png
Drone1	1750873876721	26.5047	-6.45453	-23.829	0.980801	0.000939407	-0.00185646	-0.195001	img_Drone1__0_1750874066638828300.png
Drone1	1750873877201	27.4513	-6.45624	-23.8267	0.980802	0.000457041	-0.00148453	-0.195002	img_Drone1__0_1750874067179119700.png
Drone1	1750873877672	28.3822	-6.45612	-23.8248	0.980802	0.000222345	-0.00130479	-0.195002	img_Drone1__0_1750874067726590700.png
Drone1	1750873878128	29.2844	-6.45514	-23.8231	0.980802	4.3534e-05	-0.000979592	-0.195002	img_Drone1__0_1750874068260763500.png
Drone1	1750873878611	30.0762	-6.36568	-23.9564	0.972325	0.070198	0.0982568	-0.200004	img_Drone1__0_1750874068819999500.png
Drone1	1750873878911	30.3766	-6.13091	-24.0574	0.975211	0.0566646	0.0723665	-0.201287	img_Drone1__0_1750874069178291000.png
Drone1	1750873879220	30.5811	-5.76746	-24.1031	0.977439	0.0390941	0.0479594	-0.201951	img_Drone1__0_1750874069538474600.png
Drone1	1750873879673	30.7564	-5.08537	-24.1198	0.978764	0.0212802	0.0250877	-0.202336	img_Drone1__0_1750874070069828900.png
Drone1	1750873879985	30.8246	-4.55169	-24.1194	0.979068	0.0139439	0.0159185	-0.202431	img_Drone1__0_1750874070427708100.png
Drone1	1750873880324	30.8701	-3.93717	-24.1163	0.979199	0.00893211	0.00968268	-0.202475	img_Drone1__0_1750874070811056300.png
Drone1	1750873880813	30.9052	-3.01385	-24.1115	0.979259	0.00494506	0.0047088	-0.202499	img_Drone1__0_1750874071371424000.png
Drone1	1750873881329	30.9217	-2.01482	-24.1073	0.979274	0.00293939	0.00218726	-0.202507	img_Drone1__0_1750874071957693900.png
Drone1	1750873881656	30.9265	-1.37499	-24.1053	0.979277	0.00226965	0.00133833	-0.202509	img_Drone1__0_1750874072330716700.png
Drone1	1750873882184	30.9295	-0.33629	-24.1025	0.979278	0.00168816	0.000595452	-0.202512	img_Drone1__0_1750874072936119600.png
Drone1	1750873882709	30.9295	0.700022	-24.1003	0.979279	0.00142429	0.000254886	-0.202512	img_Drone1__0_1750874073533790500.png
Drone1	1750873883198	30.9282	1.66674	-24.0984	0.979279	0.00130922	0.000104892	-0.202512	img_Drone1__0_1750874074095771200.png
Drone1	1750873883657	30.9029	2.50348	-24.1605	0.970884	-0.102993	0.0634547	-0.20676	img_Drone1__0_1750874074632447900.png
Drone1	1750873884128	30.5877	3.0167	-24.3347	0.973827	-0.0700158	0.0559843	-0.208867	img_Drone1__0_1750874075168628700.png
Drone1	1750873884611	29.9692	3.29392	-24.387	0.976675	-0.0365372	0.0300543	-0.209445	img_Drone1__0_1750874075736274200.png
Drone1	1750873885079	29.2075	3.42953	-24.3922	0.977485	-0.0186573	0.0157588	-0.209587	img_Drone1__0_1750874076281012900.png
Drone1	1750873885562	28.3356	3.49873	-24.388	0.977703	-0.00921883	0.0082843	-0.209627	img_Drone1__0_1750874076820765100.png
Drone1	1750873886042	27.4261	3.5317	-24.3832	0.977757	-0.00455854	0.00462862	-0.209639	img_Drone1__0_1750874077366617700.png
Drone1	1750873886378	26.7761	3.54363	-24.3804	0.977769	-0.00278267	0.00324482	-0.209642	img_Drone1__0_1750874077749240500.png
Drone1	1750873886714	26.1199	3.55039	-24.3781	0.977773	-0.00169893	0.00240428	-0.209644	img_Drone1__0_1750874078146372700.png
Drone1	1750873887269	25.0287	3.55526	-24.375	0.977775	-0.000753573	0.00167503	-0.209647	img_Drone1__0_1750874078782236000.png
Drone1	1750873887611	24.3537	3.55612	-24.3734	0.977776	-0.000457905	0.00144833	-0.209647	img_Drone1__0_1750874079194931100.png
Drone1	1750873887947	23.6896	3.55611	-24.3721	0.977776	-0.000281797	0.00131385	-0.209647	img_Drone1__0_1750874079579552900.png
Drone1	1750873888298	22.9952	3.55555	-24.3707	0.977776	-0.000170855	0.00122949	-0.209647	img_Drone1__0_1750874079970039000.png
Drone1	1750873888808	22.0323	3.54227	-24.4107	0.970095	-0.0551105	-0.102244	-0.21313	img_Drone1__0_1750874080557340900.png
Drone1	1750873889144	21.6087	3.38124	-24.556	0.970337	-0.0651227	-0.0878785	-0.2156	img_Drone1__0_1750874080967368100.png
Drone1	1750873889648	21.2426	2.83527	-24.651	0.974366	-0.0373478	-0.0462153	-0.216979	img_Drone1__0_1750874081556337300.png
Drone1	1750873889972	21.1134	2.35526	-24.664	0.975374	-0.0241985	-0.0290979	-0.217285	img_Drone1__0_1750874081924855700.png
Drone1	1750873890461	21.005	1.5236	-24.664	0.975887	-0.0124812	-0.0142731	-0.217451	img_Drone1__0_1750874082468978800.png
Drone1	1750873890942	20.9537	0.638782	-24.6591	0.976012	-0.00673899	-0.0070563	-0.217497	img_Drone1__0_1750874083018740400.png
Drone1	1750873891479	20.9277	-0.389763	-24.6542	0.976045	-0.00368234	-0.00319649	-0.217512	img_Drone1__0_1750874083637975800.png
Drone1	1750873891836	20.9197	-1.08491	-24.6516	0.976051	-0.0026499	-0.00188316	-0.217516	img_Drone1__0_1750874084050450500.png
Drone1	1750873892307	20.9149	-2.00906	-24.6488	0.976054	-0.00190732	-0.000931973	-0.217519	img_Drone1__0_1750874084591118300.png
Drone1	1750873892796	20.9137	-2.97299	-24.6465	0.976055	-0.00152932	-0.000443657	-0.21752	img_Drone1__0_1750874085135216000.png
Drone1	1750873893321	20.9143	-4.01031	-24.6444	0.976055	-0.00133793	-0.000194242	-0.21752	img_Drone1__0_1750874085736073600.png
Drone1	1750873893636	20.9153	-4.63333	-24.6432	0.976055	-0.00127749	-0.000114868	-0.21752	img_Drone1__0_1750874086101476500.png
Drone1	1750873894131	20.9188	-5.52076	-24.6154	0.972037	0.0873168	0.0200694	-0.217065	img_Drone1__0_1750874086663652500.png
